c
df
a
e
182682
4
6
15
15
C
dF
a
e
c
df
182682
4
6
15
15
C
dF
c
e
182682
4
6
15
15
c
e
8
8
50
172.64.169.56
4
4
0
0
135
0
37
74
B
2024
09
30
16:24:59
172.64.130.254
4
4
0
0
135
0
36
92
B
2024
09
30
16:19:47
104.18.54.73
4
4
0
0
139
0
36
81
B
2024
09
30
19:50:13
172.64.205.200
4
4
0
0
133
0
35
91
B
2024
09
30
15:10:05
104.19.29.66
4
4
0
0
135
0
35
89
B
2024
09
30
16:40:02
172.64.103.6
4
4
0
0
136
0
35
88
B
2024
09
30
16:30:04
172.64.101.157
4
4
0
0
133
0
35
85
B
2024
09
30
16:00:11
172.64.193.174
4
4
0
0
134
0
35
75
B
2024
09
30
16:19:47
104.19.68.53
4
4
0
0
144
0
34
52
B
2024
09
30
19:50:13
172.64.233.101
4
3
0
25
261
0
19
72
B
2024
09
30
15:20:47
